1088281088
1088281208
1088281328
1088281456
1088281576
1088281696
1088281816
1088281944
1088282064
1088282184
1088282432
1088282552
1088282672
1088282792
1088282920
1088283040
1088283160
1088283280
1088283408
1088283528
1088283648
1088283768
1088283896
1088284016
1088284136
1088284384
1088284504
1088284624
1088284872
1088284992
1088285112
1088285232
1088285600
1088285720
1088285848
1088285968
1088286088
1088286208
1088286336
1088286696
1088286824
1088286944
1088287064
1088287184
1088287312
1088287432
1088287552
1088287672
1088287800
1088287920
1088288040
1088288160
1088288288
1088288408
1088288528
1088288648
1088288776
1088288896
1088289016
1088289136
1088289384
