1088539576
1088539704
1088539824
1088539944
1088540064
1088540312
1088540432
1088540552
1088540680
1088540800
1088540920
1088541040
1088541168
1088541288
1088541408
1088541528
1088541656
1088541776
1088541896
1088542016
1088542144
1088542264
1088542504
1088542632
1088542752
1088543120
1088543240
1088543360
1088543608
1088543728
1088543848
1088544096
1088544216
1088544336
1088544456
1088544584
1088544704
1088544824
1088544944
1088545192
1088545312
1088545432
1088545680
1088545800
1088545920
1088546048
1088546168
1088546408
1088546536
1088546656
1088546776
1088547024
1088547144
1088547264
1088547512
1088547632
1088547752
1088547872
1088548000
1088548120
1088548240
1088548360
1088548488
1088548608
