1088625744
1088625864
1088625992
1088626112
1088626232
1088626352
1088626480
1088626600
1088626720
1088626840
1088626968
1088627088
1088627208
1088627328
1088627448
1088627576
1088627696
1088627816
1088627936
1088628064
1088628184
1088628304
1088628424
1088628552
1088628672
1088628792
1088628912
1088629040
1088629160
1088629280
1088629400
1088629528
1088629648
1088629768
1088629888
1088630016
1088630136
1088630256
1088630376
1088630504
1088630624
1088630744
1088630864
1088630992
1088631112
1088631232
1088631352
1088631480
1088631600
1088631720
1088631840
1088631968
1088632088
1088632208
1088632336
1088632456
1088632576
1088632696
1088632816
1088632944
1088633064
1088633184
1088633304
1088633432
1088633552
1088633672
1088633792
1088633920
1088634040
1088634160
1088634280
1088634408
1088634528
1088634648
1088634776
1088634896
