1088711904
1088712032
1088712152
1088712272
1088712400
1088712520
1088712640
1088712760
1088712888
1088713008
1088713128
1088713248
1088713376
1088713496
1088713616
1088713736
1088713864
1088713984
1088714104
1088714224
1088714352
1088714472
1088714592
1088714712
1088714832
1088714960
1088715080
1088715200
1088715320
1088715448
1088715568
1088715688
1088715808
1088715936
1088716056
1088716176
1088716296
1088716424
1088716544
1088716664
1088716784
1088716912
1088717032
1088717152
1088717272
1088717400
1088717520
1088717640
1088717760
1088717888
1088718008
1088718128
1088718248
1088718376
1088718496
1088718616
1088718736
1088718864
1088718984
1088719104
1088719224
1088719352
1088719472
1088719592
1088719712
1088719840
1088719960
1088720080
1088720200
1088720328
1088720448
1088720568
1088720688
1088720816
1088720936
1088721056
