1088798072
1088798192
1088798440
1088798560
1088798680
1088798808
1088798928
1088799048
1088799168
1088799296
1088799416
1088799656
1088800144
1088800272
1088800392
1088800512
1088800632
1088800752
1088800880
1088801000
1088801120
1088801248
1088801488
1088801608
1088801736
1088801856
1088801976
1088802096
1088802224
1088802344
1088802464
1088802584
1088802704
1088802832
1088802952
1088803072
1088803192
1088803320
1088803440
1088803560
1088803680
1088803808
1088803928
1088804048
1088804168
1088804296
1088804536
1088804656
1088804784
1088804904
1088805024
1088805144
1088805272
1088805392
1088805512
1088805880
1088806000
1088806120
1088806368
1088806488
1088806608
1088806736
1088806856
1088807224
