1088884232
1088884360
1088884480
1088884600
1088884720
1088884848
1088884968
1088885088
1088885216
1088885336
1088885456
1088885576
1088885704
1088885824
1088885944
1088886064
1088886192
1088886312
1088886432
1088886552
1088886672
1088886800
1088886920
1088887040
1088887160
1088887288
1088887408
1088887528
1088887656
1088887776
1088887896
1088888016
1088888144
1088888264
1088888384
1088888504
1088888632
1088888752
1088888872
1088888992
1088889120
1088889240
1088889360
1088889480
1088889608
1088889728
1088889848
1088889968
1088890096
1088890216
1088890336
1088890456
1088890576
1088890704
1088890824
1088890944
1088891064
1088891192
1088891312
1088891432
1088891552
1088891680
1088891800
1088891920
1088892040
1088892168
1088892288
1088892408
1088892528
1088892656
1088892776
1088892896
1088893016
1088893144
1088893264
1088893384
