1088970400
1088970520
1088970640
1088970768
1088970888
1088971008
1088971128
1088971256
1088971376
1088971496
1088971624
1088971744
1088971864
1088971984
1088972112
1088972232
1088972352
1088972472
1088972592
1088972720
1088972840
1088972960
1088973080
1088973208
1088973328
1088973448
1088973568
1088973696
1088973816
1088973936
1088974064
1088974184
1088974304
1088974424
1088974552
1088974672
1088974792
1088974912
1088975040
1088975160
1088975280
1088975400
1088975528
1088975648
1088975768
1088975888
1088976016
1088976136
1088976256
1088976376
1088976496
1088976624
1088976744
1088976864
1088976992
1088977112
1088977232
1088977352
1088977480
1088977600
1088977720
1088977840
1088977968
1088978088
1088978208
1088978328
1088978448
1088978576
1088978696
1088978816
1088978936
1088979064
1088979184
1088979304
1088979424
1088979552
