1089056560
1089056688
1089056808
1089056928
1089057048
1089057176
1089057296
1089057416
1089057536
1089057664
1089057784
1089057904
1089058032
1089058152
1089058272
1089058392
1089058512
1089058640
1089058760
1089058880
1089059000
1089059128
1089059248
1089059368
1089059488
1089059616
1089059736
1089059856
1089059976
1089060104
1089060224
1089060344
1089060472
1089060592
1089060712
1089060832
1089060960
1089061080
1089061200
1089061320
1089061448
1089061568
1089061688
1089061808
1089061936
1089062056
1089062176
1089062296
1089062416
1089062544
1089062664
1089062784
1089062904
1089063032
1089063152
1089063272
1089063400
1089063520
1089063640
1089063760
1089063888
1089064008
1089064128
1089064248
1089064376
1089064496
1089064616
1089064736
1089064864
1089064984
1089065104
1089065224
1089065352
1089065472
1089065592
1089065712
