1089142728
1089142848
1089142968
1089143096
1089143216
1089143336
1089143456
1089143584
1089143704
1089143824
1089143944
1089144072
1089144192
1089144312
1089144432
1089144560
1089144680
1089144800
1089144920
1089145048
1089145168
1089145288
1089145408
1089145536
1089145656
1089145776
1089145896
1089146024
1089146144
1089146264
1089146384
1089146512
1089146632
1089146752
1089146880
1089147000
1089147120
1089147240
1089147368
1089147488
1089147608
1089147728
1089147856
1089147976
1089148096
1089148216
1089148336
1089148464
1089148584
1089148704
1089148824
1089148952
1089149072
1089149192
1089149312
1089149440
1089149560
1089149680
1089149808
1089149928
1089150048
1089150168
1089150296
1089150416
1089150536
1089150656
1089150784
1089150904
1089151024
1089151144
1089151272
1089151392
1089151512
1089151632
1089151752
1089151880
