1088375792
1088375672
1088375544
1088375424
1088375304
1088375184
1088375056
1088374936
1088374816
1088374696
1088374568
1088374448
1088374328
1088374208
1088374080
1088373960
1088373840
1088373720
1088373592
1088373472
1088373352
1088373232
1088373104
1088372984
1088372864
1088372744
1088372616
1088372496
1088372376
1088372256
1088372128
1088372008
1088371888
1088371768
1088371640
1088371520
1088371400
1088371280
1088371152
1088371032
1088370912
1088370792
1088370664
1088370544
1088370424
1088370304
1088370176
1088370056
1088369936
1088369816
1088369688
1088369568
1088369448
1088369328
1088369200
1088369080
1088368960
1088368840
1088368712
1088368592
1088368472
1088368352
1088368224
1088368104
1088367984
1088367864
1088367736
1088367616
1088367496
1088367376
1088367248
