1089228888
1089229016
1089229136
1089229256
1089229376
1089229504
1089229624
1089229744
1089229864
1089229992
1089230112
1089230232
1089230352
1089230480
1089230600
1089230720
1089230840
1089230968
1089231088
1089231208
1089231328
1089231456
1089231576
1089231696
1089231816
1089231944
1089232064
1089232184
1089232304
1089232432
1089232552
1089232672
1089232792
1089232920
1089233040
1089233160
1089233288
1089233408
1089233528
1089233648
1089233776
1089233896
1089234016
1089234136
1089234256
1089234384
1089234504
1089234624
1089234744
1089234872
1089234992
1089235112
1089235232
1089235360
1089235480
1089235600
1089235720
1089235848
1089235968
1089236088
1089236216
1089236336
1089236456
1089236576
1089236704
1089236824
1089236944
1089237064
1089237192
1089237312
1089237432
1089237552
1089237672
1089237800
1089237920
1089238040
