1089315056
1089315176
1089315296
1089315424
1089315544
1089315664
1089315784
1089315912
1089316032
1089316152
1089316272
1089316400
1089316520
1089316640
1089316760
1089316888
1089317008
1089317128
1089317248
1089317376
1089317496
1089317616
1089317736
1089317864
1089317984
1089318104
1089318224
1089318352
1089318472
1089318592
1089318712
1089318840
1089318960
1089319080
1089319200
1089319328
1089319448
1089319568
1089319696
1089319816
1089319936
1089320056
1089320176
1089320304
1089320424
1089320544
1089320664
1089320792
1089320912
1089321032
1089321152
1089321280
1089321400
1089321520
1089321640
1089321768
1089321888
1089322008
1089322128
1089322256
1089322376
1089322496
1089322624
1089322744
1089322864
1089322984
1089323112
1089323232
1089323352
1089323472
1089323592
1089323720
1089323840
1089323960
1089324080
1089324208
