1089315056
1089315296
1089315544
1089315664
1089315912
1089316400
1089316520
1089316640
1089316888
1089317008
1089317864
1089317984
1089318104
1089318224
1089318712
1089318840
1089318960
1089319080
1089319200
1089319448
1089319568
1089319696
1089320056
1089320424
1089320544
1089321032
1089321152
1089321520
1089321640
1089321768
1089321888
1089322008
1089322128
1089322376
1089322496
1089322624
1089322744
1089322864
1089322984
1089323112
1089323232
1089323352
1089323472
1089323592
1089323720
1089323960
1089324080
1089324208
