1089401224
1089401344
1089401464
1089401584
1089401712
1089401832
1089401952
1089402072
1089402200
1089402320
1089402440
1089402560
1089402688
1089402808
1089402928
1089403048
1089403176
1089403296
1089403416
1089403536
1089403664
1089403784
1089403904
1089404024
1089404152
1089404272
1089404392
1089404512
1089404640
1089404760
1089404880
1089405000
1089405128
1089405248
1089405368
1089405488
1089405616
1089405736
1089405856
1089405976
1089406104
1089406224
1089406344
1089406464
1089406592
1089406712
1089406832
1089406952
1089407080
1089407200
1089407320
1089407440
1089407568
1089407688
1089407808
1089407928
1089408056
1089408176
1089408296
1089408416
1089408544
1089408664
1089408784
1089408904
1089409032
1089409152
1089409272
1089409392
1089409520
1089409640
1089409760
1089409880
1089410008
1089410128
1089410248
1089410368
