1089573552
1089573672
1089573792
1089573912
1089574040
1089574160
1089574280
1089574400
1089574528
1089574648
1089574768
1089574888
1089575016
1089575136
1089575256
1089575376
1089575504
1089575624
1089575744
1089575864
1089575992
1089576112
1089576232
1089576352
1089576480
1089576600
1089576720
1089576840
1089576968
1089577088
1089577208
1089577328
1089577456
1089577576
1089577696
1089577816
1089577944
1089578064
1089578184
1089578304
1089578432
1089578552
1089578672
1089578792
1089578920
1089579040
1089579160
1089579280
1089579408
1089579528
1089579648
1089579768
1089579896
1089580016
1089580136
1089580256
1089580384
1089580504
1089580624
1089580744
1089580872
1089580992
1089581112
1089581232
1089581360
1089581480
1089581600
1089581720
1089581848
1089581968
1089582088
1089582208
1089582336
1089582456
1089582576
1089582696
