1089745880
1089746000
1089746120
1089746240
1089746368
1089746488
1089746608
1089746728
1089746856
1089746976
1089747096
1089747216
1089747344
1089747464
1089747584
1089747704
1089747832
1089747952
1089748072
1089748192
1089748320
1089748440
1089748560
1089748680
1089748808
1089748928
1089749048
1089749168
1089749296
1089749416
1089749536
1089749656
1089749784
1089749904
1089750024
1089750144
1089750272
1089750392
1089750880
1089751000
1089751120
1089751248
1089751368
1089751488
1089751608
1089751736
1089751856
1089751976
1089752096
1089752224
1089752344
1089752464
1089752584
1089752712
1089752832
1089752952
1089753072
1089753200
1089753320
1089753440
1089753560
1089753688
1089753808
1089753928
1089754048
1089754176
1089754296
1089754416
1089754536
1089754664
1089754784
1089754904
1089755024
