1089918208
1089918328
1089918448
1089918568
1089918696
1089918816
1089918936
1089919056
1089919184
1089919304
1089919424
1089919544
1089919672
1089919792
1089919912
1089920032
1089920160
1089920280
1089920400
1089920520
1089920648
1089920768
1089920888
1089921008
1089921136
1089921256
1089921376
1089921496
1089921624
1089921744
1089921864
1089921984
1089922112
1089922232
1089922352
1089922472
1089922600
1089922720
1089922840
1089922960
1089923088
1089923208
1089923328
1089923448
1089923576
1089923696
1089923816
1089923936
1089924064
1089924184
1089924304
1089924424
1089924552
1089924672
1089924792
1089924912
1089925040
1089925160
1089925280
1089925400
1089925528
1089925648
1089925768
1089925888
1089926016
1089926136
1089926256
1089926376
1089926504
1089926624
1089926744
1089926864
1089926992
1089927112
1089927232
1089927352
