1090004368
1090004488
1090004616
1090004736
1090004856
1090004976
1090005104
1090005224
1090005344
1090005464
1090005592
1090005712
1090005832
1090005952
1090006080
1090006200
1090006320
1090006440
1090006568
1090006688
1090006808
1090006928
1090007056
1090007176
1090007296
1090007416
1090007544
1090007664
1090007784
1090007904
1090008032
1090008152
1090008272
1090008392
1090008520
1090008640
1090008760
1090008880
1090009008
1090009128
1090009248
1090009368
1090009496
1090009616
1090009736
1090009856
1090009984
1090010104
1090010224
1090010344
1090010472
1090010592
1090010712
1090010832
1090010960
1090011080
1090011200
1090011320
1090011448
1090011568
1090011688
1090011808
1090011936
1090012056
1090012176
1090012296
1090012424
1090012544
1090012664
1090012784
1090012912
1090013032
1090013152
1090013272
1090013400
1090013520
