1090090536
1090090656
1090090776
1090090896
1090091024
1090091144
1090091264
1090091384
1090091512
1090091872
1090092000
1090092120
1090092240
1090092360
1090092488
1090092608
1090092728
1090092848
1090092976
1090093096
1090093216
1090093336
1090093464
1090093584
1090093704
1090093824
1090093952
1090094072
1090094192
1090094312
1090094440
1090094560
1090094680
1090094800
1090094928
1090095048
1090095168
1090095288
1090095416
1090095536
1090095656
1090095776
1090095904
1090096024
1090096144
1090096264
1090096392
1090096512
1090096632
1090096752
1090096880
1090097000
1090097120
1090097240
1090097368
1090097488
1090097608
1090097728
1090097856
1090097976
1090098096
1090098216
1090098344
1090098464
1090098584
1090098704
1090098832
1090098952
1090099072
1090099192
1090099320
1090099440
1090099560
1090099680
