1090176696
1090176816
1090176944
1090177064
1090177184
1090177304
1090177432
1090177552
1090177672
1090177792
1090177920
1090178040
1090178160
1090178280
1090178408
1090178528
1090178648
1090178768
1090178896
1090179016
1090179136
1090179256
1090179384
1090179504
1090179624
1090179744
1090179872
1090179992
1090180112
1090180232
1090180360
1090180480
1090180600
1090180720
1090180848
1090180968
1090181088
1090181208
1090181336
1090181456
1090181576
1090181696
1090181824
1090181944
1090182064
1090182184
1090182312
1090182432
1090182552
1090182672
1090182800
1090182920
1090183040
1090183160
1090183288
1090183408
1090183528
1090183648
1090183776
1090183896
1090184016
1090184136
1090184264
1090184384
1090184504
1090184624
1090184752
1090184872
1090184992
1090185112
1090185240
1090185360
1090185480
1090185600
1090185728
1090185848
