1090349024
1090349144
1090349272
1090349392
1090349512
1090349632
1090349760
1090349880
1090350000
1090350120
1090350248
1090350368
1090350488
1090350608
1090350736
1090350856
1090350976
1090351096
1090351224
1090351344
1090351584
1090351712
1090351832
1090351952
1090352072
1090352200
1090352320
1090352440
1090352560
1090352688
1090352808
1090352928
1090353048
1090353176
1090353296
1090353416
1090353536
1090353664
1090353784
1090353904
1090354032
1090354152
1090354272
1090354392
1090354512
1090354640
1090354760
1090354880
1090355000
1090355128
1090355248
1090355368
1090355488
1090355616
1090355736
1090355856
1090355976
1090356104
1090356224
1090356344
1090356472
1090356592
1090356712
1090356832
1090356960
1090357080
1090357200
1090357320
1090357448
1090357568
1090357688
1090357808
1090357936
1090358056
1090358176
