1090435192
1090435312
1090435432
1090435560
1090435680
1090435800
1090435920
1090436040
1090436168
1090436288
1090436408
1090436528
1090436656
1090436776
1090436896
1090437016
1090437144
1090437264
1090437384
1090437504
1090437632
1090437752
1090438240
1090438360
1090438480
1090438608
1090438728
1090438848
1090438968
1090439096
1090439216
1090439336
1090439456
1090439584
1090439704
1090439824
1090439944
1090440072
1090440192
1090440312
1090440432
1090440560
1090440680
1090440800
1090440920
1090441048
1090441168
1090441288
1090441408
1090441536
1090441656
1090441776
1090441896
1090442024
1090442144
1090442264
1090442384
1090442512
1090442632
1090442752
1090442880
1090443000
1090443120
1090443240
1090443368
1090443488
1090443608
1090443728
1090443856
1090443976
1090444096
1090444216
1090444336
