1090521352
1090521480
1090521600
1090521720
1090521840
1090521968
1090522088
1090522208
1090522328
1090522456
1090522576
1090522696
1090522816
1090522944
1090523064
1090523184
1090523304
1090523432
1090523552
1090523672
1090523792
1090523912
1090524040
1090524160
1090524280
1090524400
1090524528
1090524648
1090524768
1090524888
1090525016
1090525136
1090525256
1090525376
1090525504
1090525624
1090525744
1090525864
1090525992
1090526112
1090526232
1090526352
1090526480
1090526600
1090526720
1090526840
1090526968
1090527088
1090527208
1090527328
1090527456
1090527576
1090527696
1090527816
1090527944
1090528064
1090528184
1090528304
1090528432
1090528552
1090528672
1090528792
1090528920
1090529040
1090529160
1090529288
1090529408
1090529528
1090529648
1090529776
1090529896
1090530016
1090530136
1090530256
1090530384
1090530504
