1090607520
1090607640
1090607760
1090607888
1090608008
1090608128
1090608248
1090608376
1090608496
1090608616
1090608736
1090608856
1090608984
1090609104
1090609224
1090609352
1090609472
1090609592
1090609712
1090609840
1090609960
1090610080
1090610200
1090610328
1090610448
1090610568
1090610688
1090610816
1090610936
1090611056
1090611176
1090611296
1090611424
1090611544
1090611664
1090611784
1090611912
1090612032
1090612152
1090612272
1090612400
1090612520
1090612640
1090612760
1090612888
1090613008
1090613128
1090613248
1090613376
1090613496
1090613616
1090613736
1090613864
1090613984
1090614104
1090614224
1090614352
1090614472
1090614592
1090614712
1090614840
1090614960
1090615080
1090615200
1090615328
1090615448
1090615568
1090615696
1090615816
1090615936
1090616056
1090616176
1090616304
1090616424
1090616544
1090616664
