1090693680
1090693808
1090693928
1090694048
1090694168
1090694296
1090694416
1090694536
1090694656
1090694776
1090694904
1090695024
1090695144
1090695264
1090695392
1090695512
1090695632
1090695760
1090695880
1090696000
1090696120
1090696248
1090696368
1090696488
1090696608
1090696736
1090696856
1090696976
1090697096
1090697224
1090697344
1090697464
1090697584
1090697712
1090697832
1090697952
1090698072
1090698192
1090698320
1090698440
1090698560
1090698688
1090698808
1090698928
1090699048
1090699168
1090699296
1090699416
1090699536
1090699656
1090699784
1090699904
1090700024
1090700144
1090700272
1090700392
1090700512
1090700632
1090700760
1090700880
1090701000
1090701120
1090701248
1090701368
1090701488
1090701608
1090701736
1090701856
1090701976
1090702096
1090702224
1090702344
1090702464
1090702584
1090702712
1090702832
