1090779848
1090779968
1090780088
1090780216
1090780336
1090780456
1090780576
1090780696
1090780824
1090780944
1090781064
1090781184
1090781312
1090781432
1090781552
1090781672
1090781800
1090781920
1090782040
1090782168
1090782288
1090782408
1090782528
1090782656
1090782776
1090782896
1090783016
1090783144
1090783264
1090783384
1090783504
1090783632
1090783752
1090783872
1090783992
1090784112
1090784240
1090784360
1090784480
1090784600
1090784728
1090784848
1090784968
1090785096
1090785216
1090785336
1090785456
1090785584
1090785704
1090785824
1090785944
1090786072
1090786192
1090786312
1090786432
1090786560
1090786680
1090786800
1090786920
1090787040
1090787168
1090787288
1090787408
1090787528
1090787656
1090787776
1090787896
1090788016
1090788144
1090788264
1090788384
1090788504
1090788632
1090788752
1090788872
1090788992
