1090866008
1090866136
1090866256
1090866376
1090866496
1090866616
1090866744
1090866864
1090866984
1090867104
1090867232
1090867352
1090867472
1090867592
1090867720
1090867840
1090867960
1090868080
1090868208
1090868328
1090868448
1090868576
1090868696
1090868816
1090868936
1090869064
1090869184
1090869304
1090869424
1090869552
1090869672
1090869792
1090869912
1090870032
1090870160
1090870280
1090870400
1090870520
1090870648
1090870768
1090870888
1090871008
1090871136
1090871256
1090871376
1090871504
1090871624
1090871744
1090871864
1090871992
1090872112
1090872232
1090872352
1090872480
1090872600
1090872720
1090872840
1090872968
1090873088
1090873208
1090873328
1090873456
1090873576
1090873696
1090873816
1090873944
1090874064
1090874184
1090874304
1090874432
1090874552
1090874672
1090874792
1090874912
1090875040
1090875160
