1090952176
1090952296
1090952416
1090952536
1090952664
1090952784
1090952904
1090953024
1090953152
1090953272
1090953392
1090953512
1090953640
1090953760
1090953880
1090954000
1090954128
1090954248
1090954368
1090954488
1090954616
1090954736
1090954856
1090954984
1090955104
1090955224
1090955344
1090955472
1090955592
1090955712
1090955832
1090955952
1090956080
1090956200
1090956320
1090956440
1090956568
1090956688
1090956808
1090956928
1090957056
1090957176
1090957296
1090957416
1090957544
1090957664
1090957784
1090957912
1090958032
1090958152
1090958272
1090958400
1090958520
1090958640
1090958760
1090958888
1090959008
1090959128
1090959248
1090959376
1090959496
1090959616
1090959736
1090959856
1090959984
1090960104
1090960224
1090960352
1090960472
1090960592
1090960712
1090960840
1090960960
1090961080
1090961200
1090961328
