1091038336
1091038456
1091038584
1091038704
1091038824
1091038944
1091039072
1091039192
1091039312
1091039432
1091039560
1091039680
1091039800
1091039920
1091040048
1091040168
1091040288
1091040408
1091040536
1091040656
1091040776
1091040896
1091041024
1091041144
1091041264
1091041392
1091041512
1091041632
1091041752
1091041872
1091042000
1091042120
1091042240
1091042360
1091042488
1091042608
1091042728
1091042848
1091042976
1091043096
1091043216
1091043336
1091043464
1091043584
1091043704
1091043824
1091043952
1091044072
1091044192
1091044320
1091044440
1091044560
1091044680
1091044808
1091044928
1091045048
1091045168
1091045296
1091045416
1091045536
1091045656
1091045776
1091045904
1091046024
1091046144
1091046264
1091046392
1091046512
1091046632
1091046760
1091046880
1091047000
1091047120
1091047248
1091047368
1091047488
