1091124504
1091124624
1091124744
1091124864
1091124992
1091125112
1091125232
1091125352
1091125480
1091125600
1091125720
1091125840
1091125968
1091126088
1091126208
1091126328
1091126456
1091126576
1091126696
1091126816
1091126944
1091127064
1091127184
1091127304
1091127432
1091127552
1091127672
1091127792
1091127920
1091128040
1091128160
1091128280
1091128408
1091128528
1091128648
1091128768
1091128896
1091129016
1091129136
1091129256
1091129384
1091129504
1091129624
1091129744
1091129872
1091129992
1091130112
1091130232
1091130360
1091130480
1091130600
1091130728
1091130848
1091130968
1091131088
1091131216
1091131336
1091131456
1091131576
1091131696
1091131824
1091131944
1091132064
1091132184
1091132312
1091132432
1091132552
1091132672
1091132800
1091132920
1091133040
1091133168
1091133288
1091133408
1091133528
1091133656
