1091900040
1091900160
1091900288
1091900408
1091900528
1091900776
1091900896
1091901384
1091901504
1091901624
1091901872
1091902112
1091902360
1091902480
1091902600
1091902848
1091903088
1091903216
1091903336
1091903696
1091903824
1091903944
1091904064
1091904184
1091904552
1091904672
1091904800
1091905040
1091905288
1091905648
1091905776
1091905896
1091906016
1091906136
1091906264
1091906384
1091906504
1091906624
1091906752
1091906872
1091906992
1091907240
1091907360
1091907600
1091907848
1091908096
