1091986080
1091986208
1091986328
1091986448
1091986568
1091986696
1091986816
1091986936
1091987056
1091987176
1091987304
1091987424
1091987544
1091987664
1091987792
1091987912
1091988032
1091988160
1091988280
1091988400
1091988520
1091988648
1091988768
1091988888
1091989008
1091989136
1091989256
1091989376
1091989496
1091989624
1091989744
1091989864
1091989984
1091990112
1091990232
1091990352
1091990472
1091990592
1091990720
1091990840
1091990960
1091991088
1091991208
1091991328
1091991448
1091991568
1091991696
1091991816
1091991936
1091992056
1091992184
1091992304
1091992424
1091992544
1091992672
1091992792
1091992912
1091993032
1091993160
1091993280
1091993400
1091993520
1091993648
1091993768
1091993888
1091994008
1091994136
1091994256
