1092072248
1092072368
1092072488
1092072616
1092072736
1092072856
1092072976
1092073096
1092073224
1092073344
1092073464
1092073584
1092073712
1092073832
1092073952
1092074072
1092074200
1092074320
1092074440
1092074568
1092074688
1092074808
1092074928
1092075056
1092075176
1092075296
1092075416
1092075544
1092075664
1092075784
1092075904
1092076032
1092076152
1092076272
1092076392
1092076512
1092076640
1092076760
1092076880
1092077000
1092077128
1092077248
1092077368
1092077496
1092077616
1092077736
1092077856
1092077984
1092078104
1092078224
1092078344
1092078472
1092078592
1092078712
1092078832
1092078960
1092079080
1092079200
1092079320
1092079440
1092079568
1092079688
1092079808
1092079928
1092080056
1092080176
1092080296
1092080416
