1092330736
1092330856
1092330984
1092331104
1092331224
1092331344
1092331472
1092331592
1092331712
1092331832
1092331960
1092332080
1092332200
1092332320
1092332448
1092332568
1092332688
1092332808
1092332936
1092333056
1092333176
1092333296
1092333424
1092333544
1092333664
1092333792
1092333912
1092334032
1092334152
1092334272
1092334400
1092334520
1092334640
1092334760
1092334888
1092335008
1092335128
1092335248
1092335376
1092335496
1092335616
1092335736
1092335864
1092335984
1092336104
1092336224
1092336352
1092336472
1092336592
1092336720
1092336840
1092336960
1092337080
1092337208
1092337328
1092337448
1092337568
1092337696
1092337816
1092337936
1092338056
1092338176
1092338304
1092338424
1092338544
1092338664
1092338792
1092338912
