1092416904
1092417024
1092417144
1092417264
1092417392
1092417512
1092417632
1092417752
1092417880
1092418000
1092418120
1092418240
1092418368
1092418488
1092418608
1092418728
1092418856
1092418976
1092419096
1092419216
1092419344
1092419464
1092419584
1092419704
1092419832
1092419952
1092420072
1092420192
1092420320
1092420440
1092420560
1092420680
1092420808
1092420928
1092421048
1092421168
1092421296
1092421416
1092421536
1092421656
1092421784
1092421904
1092422024
1092422144
1092422272
1092422392
1092422512
1092422632
1092422760
1092422880
1092423000
1092423128
1092423248
1092423368
1092423488
1092423616
1092423736
1092423856
1092423976
1092424096
1092424224
1092424344
1092424464
1092424584
1092424712
1092424832
1092424952
1092425072
