1092503064
1092503192
1092503312
1092503432
1092503552
1092503680
1092503800
1092503920
1092504040
1092504168
1092504288
1092504408
1092504528
1092504648
1092504776
1092504896
1092505016
1092505136
1092505264
1092505384
1092505504
1092505624
1092505752
1092505872
1092505992
1092506112
1092506240
1092506360
1092506480
1092506600
1092506728
1092506848
1092506968
1092507088
1092507216
1092507336
1092507456
1092507576
1092507704
1092507824
1092507944
1092508064
1092508192
1092508312
1092508432
1092508552
1092508680
1092508800
1092508920
1092509040
1092509168
1092509288
1092509408
1092509536
1092509656
1092509776
1092509896
1092510016
1092510144
1092510264
1092510384
1092510504
1092510632
1092510752
1092510872
1092510992
1092511120
1092511240
