1092589232
1092589352
1092589472
1092589600
1092589720
1092589840
1092589960
1092590088
1092590208
1092590328
1092590448
1092590576
1092590696
1092590816
1092590936
1092591064
1092591184
1092591304
1092591424
1092591552
1092591672
1092591792
1092591912
1092592040
1092592160
1092592280
1092592400
1092592528
1092592648
1092592768
1092592888
1092593016
1092593136
1092593256
1092593376
1092593504
1092593624
1092593744
1092593864
1092593992
1092594112
1092594232
1092594352
1092594480
1092594600
1092594720
1092594840
1092594968
1092595088
1092595208
1092595328
1092595456
1092595576
1092595696
1092595816
1092595944
1092596064
1092596184
1092596304
1092596432
1092596552
1092596672
1092596792
1092596920
1092597040
1092597160
1092597280
1092597408
