1087419440
1087419568
1087419688
1087419808
1087419928
1087420056
1087420176
1087420296
1087420416
1087420544
1087420664
1087420784
1087420912
1087421032
1087421152
1087421272
1087421400
1087421520
1087421640
1087421760
1087421888
1087422008
1087422128
1087422248
1087422376
1087422496
1087422616
1087422736
1087422856
1087422984
1087423104
1087423224
1087423352
1087423472
1087423592
1087423712
1087423840
1087423960
1087424080
1087424200
1087424328
1087424448
1087424568
1087424688
1087424816
1087424936
