1092675392
1092675520
1092675640
1092675760
1092675880
1092676008
1092676128
1092676248
1092676368
1092676496
1092676616
1092676736
1092676856
1092676984
1092677104
1092677224
1092677344
1092677472
1092677592
1092677712
1092677832
1092677960
1092678080
1092678200
1092678320
1092678448
1092678568
1092678688
1092678808
1092678936
1092679056
1092679176
1092679296
1092679424
1092679544
1092679664
1092679784
1092679912
1092680032
1092680152
1092680272
1092680400
1092680520
1092680640
1092680760
1092680888
1092681008
1092681128
1092681248
1092681376
1092681496
1092681616
1092681736
1092681864
1092681984
1092682104
1092682224
1092682352
1092682472
1092682592
1092682712
1092682840
1092682960
1092683080
1092683200
1092683328
1092683448
1092683568
