1092761560
1092761680
1092761800
1092761928
1092762048
1092762168
1092762288
1092762416
1092762536
1092762656
1092762776
1092762904
1092763024
1092763144
1092763264
1092763392
1092763512
1092763632
1092763752
1092763880
1092764000
1092764120
1092764240
1092764368
1092764488
1092764608
1092764728
1092764856
1092764976
1092765096
1092765216
1092765344
1092765464
1092765584
1092765704
1092765832
1092765952
1092766072
1092766192
1092766320
1092766440
1092766560
1092766680
1092766808
1092766928
1092767048
1092767168
1092767296
1092767416
1092767536
1092767656
1092767784
1092767904
1092768024
1092768144
1092768272
1092768392
1092768512
1092768632
1092768760
1092768880
1092769000
1092769120
1092769248
1092769368
1092769488
1092769608
1092769736
