1092847720
1092847848
1092847968
1092848088
1092848208
1092848336
1092848456
1092848576
1092848696
1092848824
1092848944
1092849064
1092849184
1092849312
1092849432
1092849552
1092849672
1092849800
1092849920
1092850040
1092850160
1092850288
1092850408
1092850528
1092850648
1092850776
1092850896
1092851016
1092851136
1092851264
1092851384
1092851504
1092851624
1092851752
1092851872
1092851992
1092852112
1092852240
1092852360
1092852480
1092852600
1092852728
1092852848
1092852968
1092853088
1092853216
1092853336
1092853456
1092853576
1092853704
1092853824
1092853944
1092854064
1092854192
1092854312
1092854432
1092854552
1092854680
1092854800
1092854920
1092855040
1092855168
1092855288
1092855408
1092855528
1092855656
1092855776
1092855896
