1092933888
1092934008
1092934128
1092934256
1092934376
1092934496
1092934616
1092934744
1092934864
1092934984
1092935104
1092935232
1092935352
1092935472
1092935592
1092935720
1092935840
1092935960
1092936080
1092936208
1092936328
1092936448
1092936568
1092936696
1092936816
1092936936
1092937056
1092937184
1092937304
1092937424
1092937544
1092937672
1092937792
1092937912
1092938032
1092938160
1092938280
1092938400
1092938520
1092938648
1092938768
1092938888
1092939008
1092939136
1092939256
1092939376
1092939496
1092939624
1092939744
1092939864
1092939984
1092940112
1092940232
1092940352
1092940472
1092940600
1092940720
1092940840
1092940960
1092941088
1092941208
1092941328
1092941448
1092941576
1092941696
1092941816
1092941936
1092942064
