1093020048
1093020176
1093020296
1093020416
1093020536
1093020664
1093020784
1093020904
1093021024
1093021152
1093021272
1093021392
1093021512
1093021640
1093021760
1093021880
1093022000
1093022128
1093022248
1093022368
1093022488
1093022616
1093022736
1093022856
1093022976
1093023104
1093023224
1093023344
1093023464
1093023592
1093023712
1093023832
1093023952
1093024080
1093024200
1093024320
1093024440
1093024568
1093024688
1093024808
1093024928
1093025056
1093025176
1093025296
1093025416
1093025544
1093025664
1093025784
1093025904
1093026032
1093026152
1093026272
1093026392
1093026520
1093026640
1093026760
1093026880
1093027008
1093027128
1093027248
1093027368
1093027496
1093027616
1093027736
1093027856
1093027984
1093028104
1093028224
