1093192376
1093192504
1093192624
1093192744
1093192864
1093192992
1093193112
1093193232
1093193352
1093193480
1093193600
1093193720
1093193840
1093193968
1093194088
1093194208
1093194328
1093194456
1093194576
1093194696
1093194816
1093194944
1093195064
1093195184
1093195304
1093195432
1093195552
1093195672
1093195792
1093195920
1093196040
1093196160
1093196280
1093196408
1093196528
1093196648
1093196768
1093196896
1093197016
1093197136
1093197256
1093197384
1093197504
1093197624
1093197744
1093197872
1093197992
1093198112
1093198232
1093198360
1093198480
1093198600
1093198720
1093198848
1093198968
1093199088
1093199208
1093199336
1093199456
1093199576
1093199696
1093199824
1093199944
1093200064
1093200184
1093200312
1093200432
1093200552
