1093278544
1093278664
1093278784
1093278912
1093279032
1093279152
1093279272
1093279400
1093279520
1093279640
1093279760
1093279888
1093280008
1093280128
1093280248
1093280376
1093280496
1093280616
1093280736
1093280864
1093280984
1093281104
1093281224
1093281352
1093281472
1093281592
1093281712
1093281840
1093281960
1093282080
1093282200
1093282328
1093282448
1093282568
1093282688
1093282816
1093282936
1093283056
1093283176
1093283304
1093283424
1093283544
1093283664
1093283792
1093283912
1093284032
1093284152
1093284280
1093284400
1093284520
1093284640
1093284768
1093284888
1093285008
1093285128
1093285256
1093285376
1093285496
1093285616
1093285744
1093285864
1093285984
1093286104
1093286232
1093286352
1093286472
1093286592
1093286720
