1093364704
1093364832
1093364952
1093365072
1093365192
1093365320
1093365440
1093365560
1093365680
1093365808
1093365928
1093366048
1093366168
1093366296
1093366416
1093366536
1093366656
1093366784
1093366904
1093367024
1093367144
1093367272
1093367392
1093367512
1093367632
1093367760
1093367880
1093368000
1093368120
1093368248
1093368368
1093368488
1093368608
1093368736
1093368856
1093368976
1093369096
1093369224
1093369344
1093369464
1093369584
1093369712
1093369832
1093369952
1093370072
1093370200
1093370320
1093370440
1093370560
1093370688
1093370808
1093370928
1093371048
1093371176
1093371296
1093371416
1093371536
1093371664
1093371784
1093371904
1093372024
1093372152
1093372272
1093372392
1093372512
1093372640
1093372760
1093372880
