1093450872
1093450992
1093451112
1093451240
1093451360
1093451480
1093451600
1093451728
1093451848
1093451968
1093452088
1093452216
1093452336
1093452456
1093452576
1093452704
1093452824
1093452944
1093453064
1093453192
1093453312
1093453432
1093453552
1093453680
1093453800
1093453920
1093454040
1093454168
1093454288
1093454408
1093454528
1093454656
1093454776
1093454896
1093455016
1093455144
1093455264
1093455384
1093455504
1093455632
1093455752
1093455872
1093455992
1093456120
1093456240
1093456360
1093456480
1093456608
1093456728
1093456848
1093456968
1093457096
1093457216
1093457336
1093457456
1093457584
1093457704
1093457824
1093457944
1093458072
1093458192
1093458312
1093458432
1093458560
1093458680
1093458800
1093458920
1093459048
