1093537032
1093537160
1093537280
1093537400
1093537520
1093537648
1093537768
1093537888
1093538008
1093538136
1093538256
1093538376
1093538496
1093538624
1093538744
1093538864
1093538984
1093539112
1093539232
1093539352
1093539472
1093539600
1093539720
1093539840
1093539960
1093540088
1093540208
1093540328
1093540448
1093540576
1093540696
1093540816
1093540936
1093541064
1093541184
1093541304
1093541424
1093541552
1093541672
1093541792
1093541912
1093542040
1093542160
1093542280
1093542400
1093542528
1093542648
1093542768
1093542888
1093543016
1093543136
1093543256
1093543384
1093543504
1093543624
1093543744
1093543872
1093543992
1093544112
1093544232
1093544352
1093544480
1093544600
1093544720
1093544840
1093544968
1093545088
1093545208
