1087591768
1087591896
1087592016
1087592136
1087592256
1087592384
1087592504
1087592624
1087592744
1087592872
1087592992
1087593112
1087593232
1087593360
1087593480
1087593600
1087593728
1087593848
1087593968
1087594088
1087594216
1087594336
1087594456
1087594576
1087594696
1087594824
1087594944
1087595064
1087595184
1087595312
1087595432
1087595552
1087595672
1087595800
1087595920
1087596040
1087596168
1087596288
1087596408
1087596528
1087596656
1087596776
1087596896
1087597016
1087597144
1087597264
1087597384
1087597504
1087597632
1087597752
