1093623200
1093623320
1093623448
1093623568
1093623688
1093623808
1093623936
1093624056
1093624176
1093624296
1093624424
1093624544
1093624664
1093624784
1093624904
1093625032
1093625152
1093625272
1093625392
1093625520
1093625640
1093625760
1093625880
1093626008
1093626128
1093626248
1093626368
1093626496
1093626616
1093626736
1093626856
1093626984
1093627104
1093627224
1093627344
1093627472
1093627592
1093627712
1093627832
1093627960
1093628080
1093628200
1093628320
1093628448
1093628568
1093628688
1093628808
1093628936
1093629056
1093629176
1093629296
1093629424
1093629544
1093629664
1093629792
1093629912
1093630032
1093630152
1093630272
1093630400
1093630520
1093630640
1093630760
1093630888
1093631008
1093631128
1093631248
1093631376
