1093709360
1093709488
1093709608
1093709728
1093709856
1093709976
1093710096
1093710216
1093710344
1093710464
1093710584
1093710704
1093710832
1093710952
1093711072
1093711192
1093711320
1093711440
1093711560
1093711680
1093711808
1093711928
1093712048
1093712168
1093712296
1093712416
1093712536
1093712656
1093712776
1093712904
1093713024
1093713144
1093713264
1093713392
1093713512
1093713632
1093713752
1093713880
1093714000
1093714120
1093714240
1093714368
1093714488
1093714608
1093714728
1093714856
1093714976
1093715096
1093715216
1093715344
1093715464
1093715584
1093715704
1093715832
1093715952
1093716072
1093716192
1093716320
1093716440
1093716560
1093716680
1093716808
1093716928
1093717048
1093717168
1093717296
1093717416
1093717536
