1093795528
1093795648
1093795768
1093795896
1093796016
1093796136
1093796264
1093796384
1093796504
1093796624
1093796752
1093796872
1093796992
1093797112
1093797240
1093797360
1093797480
1093797600
1093797728
1093797848
1093797968
1093798088
1093798216
1093798336
1093798456
1093798576
1093798696
1093798824
1093798944
1093799064
1093799192
1093799312
1093799432
1093799552
1093799680
1093799800
1093799920
1093800040
1093800168
1093800288
1093800408
1093800528
1093800648
1093800776
1093800896
1093801016
1093801136
1093801264
1093801384
1093801504
1093801624
1093801752
1093801872
1093801992
1093802112
1093802240
1093802360
1093802480
1093802600
1093802728
1093802848
1093802968
1093803088
1093803216
1093803336
1093803456
1093803576
1093803704
