1093881688
1093881816
1093881936
1093882056
1093882176
1093882304
1093882424
1093882544
1093882672
1093882792
1093882912
1093883032
1093883160
1093883280
1093883400
1093883520
1093883648
1093883768
1093883888
1093884008
1093884136
1093884256
1093884376
1093884496
1093884616
1093884744
1093884864
1093884984
1093885104
1093885232
1093885352
1093885472
1093885600
1093885720
1093885840
1093885960
1093886088
1093886208
1093886328
1093886448
1093886576
1093886696
1093886816
1093886936
1093887064
1093887184
1093887304
1093887424
1093887552
1093887672
1093887792
1093887912
1093888032
1093888160
1093888280
1093888400
1093888520
1093888648
1093888768
1093888888
1093889008
1093889136
1093889256
1093889376
1093889496
1093889624
1093889744
1093889864
