1093967856
1093967976
1093968096
1093968224
1093968344
1093968464
1093968584
1093968712
1093968832
1093968952
1093969080
1093969200
1093969320
1093969440
1093969568
1093969688
1093969808
1093969928
1093970056
1093970176
1093970296
1093970416
1093970536
1093970664
1093970784
1093970904
1093971024
1093971152
1093971272
1093971392
1093971512
1093971640
1093971760
1093971880
1093972008
1093972128
1093972248
1093972368
1093972496
1093972616
1093972736
1093972856
1093972984
1093973104
1093973224
1093973344
1093973472
1093973592
1093973712
1093973832
1093973952
1093974080
1093974200
1093974320
1093974448
1093974568
1093974688
1093974808
1093974936
1093975056
1093975176
1093975296
1093975424
1093975544
1093975664
1093975784
1093975904
1093976032
