1094054016
1094054144
1094054264
1094054384
1094054504
1094054632
1094054752
1094054872
1094054992
1094055120
1094055240
1094055360
1094055488
1094055608
1094055728
1094055848
1094055976
1094056096
1094056216
1094056336
1094056456
1094056584
1094056704
1094056824
1094056944
1094057072
1094057192
1094057312
1094057432
1094057560
1094057680
1094057800
1094057920
1094058048
1094058168
1094058288
1094058416
1094058536
1094058656
1094058776
1094058904
1094059024
1094059144
1094059264
1094059392
1094059512
1094059632
1094059752
1094059872
1094060000
1094060120
1094060240
1094060360
1094060488
1094060608
1094060728
1094060856
1094060976
1094061096
1094061216
1094061344
1094061464
1094061584
1094061704
1094061832
1094061952
1094062072
1094062192
