1094140184
1094140304
1094140424
1094140552
1094140672
1094140792
1094140912
1094141040
1094141160
1094141280
1094141400
1094141528
1094141648
1094141768
1094141896
1094142016
1094142136
1094142256
1094142376
1094142504
1094142624
1094142744
1094142864
1094142992
1094143112
1094143232
1094143352
1094143480
1094143600
1094143720
1094143840
1094143968
1094144088
1094144208
1094144328
1094144456
1094144576
1094144696
1094144824
1094144944
1094145064
1094145184
1094145312
1094145432
1094145552
1094145672
1094145792
1094145920
1094146040
1094146160
1094146280
1094146408
1094146528
1094146648
1094146768
1094146896
1094147016
1094147136
1094147264
1094147384
1094147504
1094147624
1094147752
1094147872
1094147992
1094148112
1094148240
1094148360
