1094226344
1094226472
1094226592
1094226712
1094226832
1094226960
1094227080
1094227200
1094227320
1094227448
1094227568
1094227688
1094227808
1094227936
1094228056
1094228176
1094228296
1094228424
1094228544
1094228664
1094228784
1094228912
1094229032
1094229152
1094229272
1094229400
1094229520
1094229640
1094229760
1094229888
1094230008
1094230128
1094230248
1094230376
1094230496
1094230616
1094230736
1094230864
1094230984
1094231104
1094231232
1094231352
1094231472
1094231592
1094231712
1094231840
1094231960
1094232080
1094232200
1094232328
1094232448
1094232568
1094232688
1094232816
1094232936
1094233056
1094233176
1094233304
1094233424
1094233544
1094233672
1094233792
1094233912
1094234032
1094234160
1094234280
1094234400
1094234520
