1094312512
1094312632
1094312760
1094312880
1094313000
1094313120
1094313240
1094313368
1094313488
1094313608
1094313728
1094313856
1094313976
1094314096
1094314216
1094314344
1094314464
1094314584
1094314704
1094314832
1094314952
1094315072
1094315192
1094315320
1094315440
1094315560
1094315680
1094315808
1094315928
1094316048
1094316168
1094316296
1094316416
1094316536
1094316656
1094316784
1094316904
1094317024
1094317144
1094317272
1094317392
1094317512
1094317632
1094317760
1094317880
1094318000
1094318120
1094318248
1094318368
1094318488
1094318608
1094318736
1094318856
1094318976
1094319096
1094319224
1094319344
1094319464
1094319584
1094319712
1094319832
1094319952
1094320080
1094320200
1094320320
1094320440
1094320568
1094320688
