1094398680
1094398800
1094398920
1094399040
1094399168
1094399288
1094399408
1094399528
1094399656
1094399776
1094399896
1094400016
1094400144
1094400264
1094400384
1094400504
1094400632
1094400752
1094400872
1094400992
1094401112
1094401240
1094401360
1094401480
1094401600
1094401728
1094401848
1094401968
1094402088
1094402216
1094402336
1094402456
1094402576
1094402704
1094402824
1094402944
1094403064
1094403192
1094403312
1094403432
1094403552
1094403680
1094403800
1094403920
1094404040
1094404168
1094404288
1094404408
1094404528
1094404656
1094404776
1094404896
1094405016
1094405144
1094405264
1094405384
1094405504
1094405632
1094405752
1094405872
1094405992
1094406120
1094406240
1094406360
1094406488
1094406608
1094406728
1094406848
