1094484840
1094484960
1094485088
1094485208
1094485328
1094485448
1094485576
1094485696
1094485816
1094485936
1094486064
1094486184
1094486304
1094486424
1094486552
1094486672
1094486792
1094486912
1094487040
1094487160
1094487280
1094487400
1094487528
1094487648
1094487768
1094487888
1094488016
1094488136
1094488256
1094488376
1094488496
1094488624
1094488744
1094488864
1094488984
1094489112
1094489232
1094489352
1094489472
1094489600
1094489720
1094489840
1094489960
1094490088
1094490208
1094490328
1094490448
1094490576
1094490696
1094490816
1094490936
1094491064
1094491184
1094491304
1094491424
1094491552
1094491672
1094491792
1094491912
1094492040
1094492160
1094492280
1094492400
1094492528
1094492648
1094492768
1094492896
1094493016
