1094571008
1094571128
1094571248
1094571368
1094571496
1094571616
1094571736
1094571856
1094571984
1094572104
1094572224
1094572344
1094572472
1094572592
1094572712
1094572832
1094572960
1094573080
1094573200
1094573320
1094573448
1094573568
1094573688
1094573808
1094573936
1094574056
1094574176
1094574296
1094574424
1094574544
1094574664
1094574784
1094574912
1094575032
1094575152
1094575272
1094575400
1094575520
1094575640
1094575760
1094575888
1094576008
1094576128
1094576248
1094576376
1094576496
1094576616
1094576736
1094576864
1094576984
1094577104
1094577224
1094577352
1094577472
1094577592
1094577712
1094577840
1094577960
1094578080
1094578200
1094578328
1094578448
1094578568
1094578688
1094578816
1094578936
1094579056
1094579176
