1094657168
1094657288
1094657416
1094657536
1094657656
1094657776
1094657904
1094658024
1094658144
1094658264
1094658392
1094658512
1094658632
1094658752
1094658880
1094659000
1094659120
1094659240
1094659368
1094659488
1094659608
1094659728
1094659856
1094659976
1094660096
1094660216
1094660344
1094660464
1094660584
1094660704
1094660832
1094660952
1094661072
1094661192
1094661320
1094661440
1094661560
1094661680
1094661808
1094661928
1094662048
1094662168
1094662296
1094662416
1094662536
1094662656
1094662784
1094662904
1094663024
1094663144
1094663272
1094663392
1094663512
1094663632
1094663760
1094663880
1094664000
1094664120
1094664248
1094664368
1094664488
1094664608
1094664736
1094664856
1094664976
1094665096
1094665224
1094665344
